0.070711 -0.070711 -1.000000
0.080972 -0.066205 -1.000000
0.091004 -0.060327 -1.000000
0.100633 -0.053083 -1.000000
0.109685 -0.044498 -1.000000
0.117985 -0.034618 -1.000000
0.125365 -0.023512 -1.000000
0.131661 -0.011271 -1.000000
0.136720 0.001997 -1.000000
0.140399 0.016161 -1.000000
0.142571 0.031075 -1.000000
0.143123 0.046574 -1.000000
0.141961 0.062479 -1.000000
0.139012 0.078599 -1.000000
0.134222 0.094733 -1.000000
0.127562 0.110668 -1.000000
0.119027 0.126191 -1.000000
0.108636 0.141081 -1.000000
0.096433 0.155122 -1.000000
0.082488 0.168096 -1.000000
0.066895 0.179795 -1.000000
0.049775 0.190017 -1.000000
0.031271 0.198573 -1.000000
0.011548 0.205288 -1.000000
-0.009205 0.210002 -1.000000
-0.030782 0.212579 -1.000000
-0.052960 0.212900 -1.000000
-0.075497 0.210872 -1.000000
-0.098144 0.206428 -1.000000
-0.120638 0.199529 -1.000000
-0.142711 0.190161 -1.000000
-0.164091 0.178342 -1.000000
-0.184507 0.164121 -1.000000
-0.203689 0.147576 -1.000000
-0.221373 0.128813 -1.000000
-0.237306 0.107971 -1.000000
-0.251248 0.085215 -1.000000
-0.262975 0.060740 -1.000000
-0.272279 0.034764 -1.000000
-0.278980 0.007532 -1.000000
-0.282918 -0.020692 -1.000000
-0.283962 -0.049624 -1.000000
-0.282011 -0.078963 -1.000000
-0.276995 -0.108396 -1.000000
-0.268877 -0.137600 -1.000000
-0.257655 -0.166245 -1.000000
-0.243362 -0.193999 -1.000000
-0.226065 -0.220532 -1.000000
-0.205870 -0.245518 -1.000000
-0.182915 -0.268639 -1.000000
-0.157374 -0.289593 -1.000000
-0.129456 -0.308091 -1.000000
-0.099399 -0.323865 -1.000000
-0.067472 -0.336673 -1.000000
-0.033972 -0.346297 -1.000000
0.000780 -0.352550 -1.000000
0.036441 -0.355279 -1.000000
0.072650 -0.354364 -1.000000
0.109031 -0.349725 -1.000000
0.145198 -0.341318 -1.000000
0.180758 -0.329142 -1.000000
0.215315 -0.313236 -1.000000
0.248477 -0.293681 -1.000000
0.279856 -0.270599 -1.000000
0.309076 -0.244155 -1.000000
0.335776 -0.214551 -1.000000
0.359615 -0.182032 -1.000000
0.380275 -0.146875 -1.000000
0.397465 -0.109396 -1.000000
0.410927 -0.069939 -1.000000
0.420438 -0.028880 -1.000000
0.425810 0.013382 -1.000000
0.426899 0.056427 -1.000000
0.423603 0.099817 -1.000000
0.415863 0.143102 -1.000000
0.403670 0.185824 -1.000000
0.387061 0.227523 -1.000000
0.366119 0.267738 -1.000000
0.340978 0.306018 -1.000000
0.311818 0.341924 -1.000000
0.278865 0.375030 -1.000000
0.242390 0.404936 -1.000000
0.202706 0.431268 -1.000000
0.160167 0.453680 -1.000000
0.115163 0.471864 -1.000000
0.068118 0.485551 -1.000000
0.019484 0.494514 -1.000000
-0.030261 0.498572 -1.000000
-0.080618 0.497593 -1.000000
-0.131075 0.491496 -1.000000
-0.181108 0.480251 -1.000000
-0.230189 0.463885 -1.000000
-0.277792 0.442475 -1.000000
-0.323396 0.416158 -1.000000
-0.366492 0.385119 -1.000000
-0.406591 0.349601 -1.000000
-0.443224 0.309894 -1.000000
-0.475955 0.266340 -1.000000
-0.504378 0.219324 -1.000000
-0.528127 0.169276 -1.000000
-0.546878 0.116664 -1.000000
-0.560357 0.061989 -1.000000
-0.568338 0.005784 -1.000000
-0.570649 -0.051396 -1.000000
-0.567177 -0.108976 -1.000000
-0.557864 -0.166367 -1.000000
-0.542716 -0.222974 -1.000000
-0.521796 -0.278202 -1.000000
-0.495231 -0.331459 -1.000000
-0.463208 -0.382165 -1.000000
-0.425974 -0.429761 -1.000000
-0.383832 -0.473708 -1.000000
-0.337143 -0.513499 -1.000000
-0.286318 -0.548663 -1.000000
-0.231820 -0.578769 -1.000000
-0.174155 -0.603433 -1.000000
-0.113869 -0.622321 -1.000000
-0.051543 -0.635157 -1.000000
0.012212 -0.641721 -1.000000
0.076761 -0.641855 -1.000000
0.141454 -0.635467 -1.000000
0.205628 -0.622531 -1.000000
0.268619 -0.603087 -1.000000
0.329763 -0.577244 -1.000000
0.388408 -0.545178 -1.000000
0.443919 -0.507134 -1.000000
0.495684 -0.463418 -1.000000
0.543123 -0.414402 -1.000000
0.585691 -0.360517 -1.000000
0.622888 -0.302249 -1.000000
0.654262 -0.240136 -1.000000
0.679414 -0.174763 -1.000000
0.698006 -0.106756 -1.000000
0.709762 -0.036776 -1.000000
0.714474 0.034487 -1.000000
0.712003 0.106321 -1.000000
0.702283 0.178000 -1.000000
0.685321 0.248789 -1.000000
0.661198 0.317954 -1.000000
0.630071 0.384768 -1.000000
0.592171 0.448520 -1.000000
0.547800 0.508522 -1.000000
0.497333 0.564115 -1.000000
0.441208 0.614677 -1.000000
0.379931 0.659633 -1.000000
0.314062 0.698455 -1.000000
0.244220 0.730675 -1.000000
0.171067 0.755884 -1.000000
0.095312 0.773744 -1.000000
0.017694 0.783984 -1.000000
-0.061018 0.786412 -1.000000
-0.140034 0.780911 -1.000000
-0.218553 0.767446 -1.000000
-0.295770 0.746062 -1.000000
-0.370884 0.716885 -1.000000
-0.443107 0.680125 -1.000000
-0.511671 0.636068 -1.000000
-0.575836 0.585081 -1.000000
-0.634902 0.527605 -1.000000
-0.688209 0.464152 -1.000000
-0.735153 0.395302 -1.000000
-0.775186 0.321694 -1.000000
-0.807825 0.244025 -1.000000
-0.832657 0.163041 -1.000000
-0.849346 0.079527 -1.000000
-0.857634 -0.005694 -1.000000
-0.857347 -0.091774 -1.000000
-0.848396 -0.177850 -1.000000
-0.830780 -0.263046 -1.000000
-0.804586 -0.346487 -1.000000
-0.769990 -0.427309 -1.000000
-0.727256 -0.504663 -1.000000
-0.676733 -0.577728 -1.000000
-0.618853 -0.645717 -1.000000
-0.554128 -0.707889 -1.000000
-0.483144 -0.763553 -1.000000
-0.406557 -0.812079 -1.000000
-0.325089 -0.852900 -1.000000
-0.239516 -0.885527 -1.000000
-0.150665 -0.909545 -1.000000
-0.059403 -0.924624 -1.000000
0.033366 -0.930524 -1.000000
0.126719 -0.927094 -1.000000
0.219714 -0.914276 -1.000000
0.311405 -0.892109 -1.000000
0.400850 -0.860727 -1.000000
0.487121 -0.820357 -1.000000
0.569313 -0.771322 -1.000000
0.646555 -0.714036 -1.000000
0.718016 -0.649000 -1.000000
0.782918 -0.576799 -1.000000
0.840540 -0.498097 -1.000000
0.890232 -0.413629 -1.000000
0.931415 -0.324197 -1.000000
0.963594 -0.230660 -1.000000
0.986357 -0.133927 -1.000000
0.999389 -0.034947 -1.000000
-0.070711 0.070711 1.000000
-0.080972 0.066205 1.000000
-0.091004 0.060327 1.000000
-0.100633 0.053083 1.000000
-0.109685 0.044498 1.000000
-0.117985 0.034618 1.000000
-0.125365 0.023512 1.000000
-0.131661 0.011271 1.000000
-0.136720 -0.001997 1.000000
-0.140399 -0.016161 1.000000
-0.142571 -0.031075 1.000000
-0.143123 -0.046574 1.000000
-0.141961 -0.062479 1.000000
-0.139012 -0.078599 1.000000
-0.134222 -0.094733 1.000000
-0.127562 -0.110668 1.000000
-0.119027 -0.126191 1.000000
-0.108636 -0.141081 1.000000
-0.096433 -0.155122 1.000000
-0.082488 -0.168096 1.000000
-0.066895 -0.179795 1.000000
-0.049775 -0.190017 1.000000
-0.031271 -0.198573 1.000000
-0.011548 -0.205288 1.000000
0.009205 -0.210002 1.000000
0.030782 -0.212579 1.000000
0.052960 -0.212900 1.000000
0.075497 -0.210872 1.000000
0.098144 -0.206428 1.000000
0.120638 -0.199529 1.000000
0.142711 -0.190161 1.000000
0.164091 -0.178342 1.000000
0.184507 -0.164121 1.000000
0.203689 -0.147576 1.000000
0.221373 -0.128813 1.000000
0.237306 -0.107971 1.000000
0.251248 -0.085215 1.000000
0.262975 -0.060740 1.000000
0.272279 -0.034764 1.000000
0.278980 -0.007532 1.000000
0.282918 0.020692 1.000000
0.283962 0.049624 1.000000
0.282011 0.078963 1.000000
0.276995 0.108396 1.000000
0.268877 0.137600 1.000000
0.257655 0.166245 1.000000
0.243362 0.193999 1.000000
0.226065 0.220532 1.000000
0.205870 0.245518 1.000000
0.182915 0.268639 1.000000
0.157374 0.289593 1.000000
0.129456 0.308091 1.000000
0.099399 0.323865 1.000000
0.067472 0.336673 1.000000
0.033972 0.346297 1.000000
-0.000780 0.352550 1.000000
-0.036441 0.355279 1.000000
-0.072650 0.354364 1.000000
-0.109031 0.349725 1.000000
-0.145198 0.341318 1.000000
-0.180758 0.329142 1.000000
-0.215315 0.313236 1.000000
-0.248477 0.293681 1.000000
-0.279856 0.270599 1.000000
-0.309076 0.244155 1.000000
-0.335776 0.214551 1.000000
-0.359615 0.182032 1.000000
-0.380275 0.146875 1.000000
-0.397465 0.109396 1.000000
-0.410927 0.069939 1.000000
-0.420438 0.028880 1.000000
-0.425810 -0.013382 1.000000
-0.426899 -0.056427 1.000000
-0.423603 -0.099817 1.000000
-0.415863 -0.143102 1.000000
-0.403670 -0.185824 1.000000
-0.387061 -0.227523 1.000000
-0.366119 -0.267738 1.000000
-0.340978 -0.306018 1.000000
-0.311818 -0.341924 1.000000
-0.278865 -0.375030 1.000000
-0.242390 -0.404936 1.000000
-0.202706 -0.431268 1.000000
-0.160167 -0.453680 1.000000
-0.115163 -0.471864 1.000000
-0.068118 -0.485551 1.000000
-0.019484 -0.494514 1.000000
0.030261 -0.498572 1.000000
0.080618 -0.497593 1.000000
0.131075 -0.491496 1.000000
0.181108 -0.480251 1.000000
0.230189 -0.463885 1.000000
0.277792 -0.442475 1.000000
0.323396 -0.416158 1.000000
0.366492 -0.385119 1.000000
0.406591 -0.349601 1.000000
0.443224 -0.309894 1.000000
0.475955 -0.266340 1.000000
0.504378 -0.219324 1.000000
0.528127 -0.169276 1.000000
0.546878 -0.116664 1.000000
0.560357 -0.061989 1.000000
0.568338 -0.005784 1.000000
0.570649 0.051396 1.000000
0.567177 0.108976 1.000000
0.557864 0.166367 1.000000
0.542716 0.222974 1.000000
0.521796 0.278202 1.000000
0.495231 0.331459 1.000000
0.463208 0.382165 1.000000
0.425974 0.429761 1.000000
0.383832 0.473708 1.000000
0.337143 0.513499 1.000000
0.286318 0.548663 1.000000
0.231820 0.578769 1.000000
0.174155 0.603433 1.000000
0.113869 0.622321 1.000000
0.051543 0.635157 1.000000
-0.012212 0.641721 1.000000
-0.076761 0.641855 1.000000
-0.141454 0.635467 1.000000
-0.205628 0.622531 1.000000
-0.268619 0.603087 1.000000
-0.329763 0.577244 1.000000
-0.388408 0.545178 1.000000
-0.443919 0.507134 1.000000
-0.495684 0.463418 1.000000
-0.543123 0.414402 1.000000
-0.585691 0.360517 1.000000
-0.622888 0.302249 1.000000
-0.654262 0.240136 1.000000
-0.679414 0.174763 1.000000
-0.698006 0.106756 1.000000
-0.709762 0.036776 1.000000
-0.714474 -0.034487 1.000000
-0.712003 -0.106321 1.000000
-0.702283 -0.178000 1.000000
-0.685321 -0.248789 1.000000
-0.661198 -0.317954 1.000000
-0.630071 -0.384768 1.000000
-0.592171 -0.448520 1.000000
-0.547800 -0.508522 1.000000
-0.497333 -0.564115 1.000000
-0.441208 -0.614677 1.000000
-0.379931 -0.659633 1.000000
-0.314062 -0.698455 1.000000
-0.244220 -0.730675 1.000000
-0.171067 -0.755884 1.000000
-0.095312 -0.773744 1.000000
-0.017694 -0.783984 1.000000
0.061018 -0.786412 1.000000
0.140034 -0.780911 1.000000
0.218553 -0.767446 1.000000
0.295770 -0.746062 1.000000
0.370884 -0.716885 1.000000
0.443107 -0.680125 1.000000
0.511671 -0.636068 1.000000
0.575836 -0.585081 1.000000
0.634902 -0.527605 1.000000
0.688209 -0.464152 1.000000
0.735153 -0.395302 1.000000
0.775186 -0.321694 1.000000
0.807825 -0.244025 1.000000
0.832657 -0.163041 1.000000
0.849346 -0.079527 1.000000
0.857634 0.005694 1.000000
0.857347 0.091774 1.000000
0.848396 0.177850 1.000000
0.830780 0.263046 1.000000
0.804586 0.346487 1.000000
0.769990 0.427309 1.000000
0.727256 0.504663 1.000000
0.676733 0.577728 1.000000
0.618853 0.645717 1.000000
0.554128 0.707889 1.000000
0.483144 0.763553 1.000000
0.406557 0.812079 1.000000
0.325089 0.852900 1.000000
0.239516 0.885527 1.000000
0.150665 0.909545 1.000000
0.059403 0.924624 1.000000
-0.033366 0.930524 1.000000
-0.126719 0.927094 1.000000
-0.219714 0.914276 1.000000
-0.311405 0.892109 1.000000
-0.400850 0.860727 1.000000
-0.487121 0.820357 1.000000
-0.569313 0.771322 1.000000
-0.646555 0.714036 1.000000
-0.718016 0.649000 1.000000
-0.782918 0.576799 1.000000
-0.840540 0.498097 1.000000
-0.890232 0.413629 1.000000
-0.931415 0.324197 1.000000
-0.963594 0.230660 1.000000
-0.986357 0.133927 1.000000
-0.999389 0.034947 1.000000
