-0.068681 0.224090 -1.000000
-0.277473 0.100840 -1.000000
-0.239011 -0.084034 -1.000000
-0.211538 -0.296919 -1.000000
0.085165 -0.302521 -1.000000
0.310440 -0.190476 -1.000000
0.288462 0.100840 -1.000000
0.046703 0.112045 -1.000000
-0.085165 0.000000 -1.000000
0.079670 -0.151261 -1.000000
0.206044 0.022409 -1.000000
0.173077 0.201681 -1.000000
-0.250000 0.414566 1.000000
-0.590659 0.140056 1.000000
-0.508242 -0.431373 1.000000
-0.019231 -0.582633 1.000000
0.590659 -0.571429 1.000000
0.651099 -0.100840 1.000000
0.673077 0.246499 1.000000
0.277473 0.470588 1.000000
-0.068681 0.700280 1.000000
-0.458791 0.638655 1.000000
-0.711538 0.408964 1.000000
-0.837912 -0.011204 1.000000
-0.689560 -0.509804 1.000000
-0.414835 -0.722689 1.000000
0.101648 -0.829132 1.000000
0.689560 -0.845938 1.000000
0.793956 -0.369748 1.000000
0.826923 -0.050420 1.000000
0.848901 0.246499 1.000000
0.695055 0.571429 1.000000
0.376374 0.733894 1.000000
0.217033 0.795518 1.000000
