0.629447 0.811584 -1.000000
-0.746026 0.826752 -1.000000
0.264718 -0.804919 -1.000000
-0.443004 0.093763 1.000000
0.915014 0.929777 -1.000000
-0.684774 0.941186 -1.000000
0.914334 -0.029249 -1.000000
0.600561 -0.716227 -1.000000
-0.156477 0.831471 -1.000000
0.584415 0.918985 -1.000000
0.311481 -0.928577 -1.000000
0.698259 0.867986 -1.000000
0.357470 0.515480 1.000000
0.486265 -0.215546 1.000000
0.310956 -0.657627 1.000000
0.412092 -0.936334 -1.000000
-0.446154 -0.907657 -1.000000
-0.805736 0.646916 -1.000000
0.389657 -0.365801 1.000000
0.900444 -0.931108 -1.000000
-0.122511 -0.236883 -1.000000
0.531034 0.590400 1.000000
-0.626255 -0.020471 1.000000
-0.108828 0.292626 1.000000
0.418730 0.509373 1.000000
-0.447950 0.359405 1.000000
0.310196 -0.674777 1.000000
-0.762005 -0.003272 1.000000
0.919488 -0.319229 -1.000000
0.170536 -0.552376 1.000000
0.502534 -0.489810 1.000000
0.011914 0.398153 1.000000
0.781807 0.918583 -1.000000
0.094431 -0.722751 1.000000
-0.701412 -0.484983 -1.000000
0.681435 -0.491436 -1.000000
0.628570 -0.512950 -1.000000
0.858527 -0.300032 -1.000000
-0.606809 -0.497832 1.000000
0.232089 -0.053422 -1.000000
-0.296681 0.661657 1.000000
0.170528 0.099447 -1.000000
0.834387 -0.428322 -1.000000
0.514400 0.507458 1.000000
-0.239108 0.135643 -1.000000
-0.848291 -0.892100 -1.000000
0.061595 0.558334 1.000000
0.868021 -0.740188 -1.000000
0.137647 -0.061219 -1.000000
-0.976196 -0.325755 -1.000000
-0.675635 0.588569 -1.000000
-0.377570 0.057066 1.000000
-0.668703 0.203964 1.000000
-0.474057 0.308158 1.000000
0.378429 0.496303 1.000000
-0.098917 -0.832357 -1.000000
-0.542046 0.826675 -1.000000
-0.695244 0.651634 -1.000000
0.076685 0.992269 -1.000000
-0.843649 -0.114643 -1.000000
-0.786694 0.923796 -1.000000
-0.990732 0.549821 -1.000000
0.634606 0.737389 -1.000000
-0.831128 -0.200435 -1.000000
-0.480259 0.600137 1.000000
-0.137172 0.821295 -1.000000
-0.636306 -0.472394 1.000000
-0.708922 -0.727863 -1.000000
0.738584 0.159409 1.000000
0.099720 -0.710090 1.000000
0.706062 0.244110 1.000000
-0.298095 0.026499 -1.000000
-0.196384 -0.848067 -1.000000
-0.520168 -0.753362 -1.000000
-0.632184 -0.520095 -1.000000
-0.165466 -0.900691 -1.000000
0.805432 0.889574 -1.000000
-0.018272 -0.021495 -1.000000
-0.324561 0.800108 -1.000000
-0.261506 -0.777594 -1.000000
0.560504 -0.220522 1.000000
-0.516617 -0.192176 1.000000
-0.807091 -0.736053 -1.000000
0.884101 0.912269 -1.000000
0.150417 -0.880441 -1.000000
-0.530440 -0.293683 1.000000
0.642388 -0.969193 -1.000000
-0.913952 -0.662020 -1.000000
0.298231 0.463445 1.000000
0.295492 -0.098153 1.000000
0.094018 -0.407358 1.000000
0.489386 -0.622090 1.000000
0.373551 -0.632978 1.000000
-0.263031 0.251237 1.000000
0.560455 -0.837748 -1.000000
0.858772 0.551425 -1.000000
-0.026417 -0.128283 -1.000000
-0.106433 -0.387301 1.000000
0.017017 0.021543 -1.000000
0.635255 0.589663 -1.000000
0.288636 -0.242781 1.000000
0.623161 0.065651 1.000000
-0.298546 0.878003 -1.000000
0.751886 0.100313 1.000000
0.244950 0.174089 1.000000
-0.584515 -0.397507 1.000000
-0.058153 -0.539024 1.000000
0.688618 -0.610471 -1.000000
-0.548156 -0.658584 -1.000000
-0.544671 -0.128603 1.000000
-0.377795 0.846759 -1.000000
-0.139585 -0.630367 1.000000
0.809762 0.959497 -1.000000
-0.122260 -0.777762 1.000000
-0.483871 -0.182560 1.000000
0.189792 -0.475577 1.000000
0.205686 0.422432 1.000000
-0.556507 -0.765165 -1.000000
-0.406648 -0.362443 1.000000
-0.151666 0.015717 -1.000000
-0.828968 -0.475036 -1.000000
0.602029 -0.941559 -1.000000
0.857708 0.460662 -1.000000
-0.022782 0.157050 -1.000000
-0.525433 -0.082302 1.000000
0.926177 0.093611 -1.000000
0.042272 -0.536811 1.000000
-0.022205 0.248120 -1.000000
0.358271 -0.208970 1.000000
-0.265127 0.975964 -1.000000
-0.924522 0.770336 -1.000000
0.826574 0.592368 -1.000000
-0.802575 -0.476258 -1.000000
-0.329286 0.359456 1.000000
-0.726894 0.442455 -1.000000
-0.786476 0.307515 -1.000000
-0.011652 0.558103 1.000000
0.430074 0.807441 -1.000000
0.781845 -0.331674 -1.000000
0.397492 -0.604380 1.000000
-0.938918 0.488149 -1.000000
0.000045 -0.040156 -1.000000
0.809444 0.219733 -1.000000
0.235333 0.718885 1.000000
0.610979 0.153443 1.000000
-0.634155 -0.520136 -1.000000
0.773024 -0.942652 -1.000000
-0.020197 -0.664146 1.000000
0.957361 0.425389 -1.000000
0.000943 -0.057823 -1.000000
-0.880762 0.363944 -1.000000
-0.915138 -0.857109 -1.000000
0.043300 -0.806540 -1.000000
0.636297 0.635094 -1.000000
0.444879 -0.700269 -1.000000
0.319211 0.037190 1.000000
0.945949 0.297983 -1.000000
0.600661 -0.092405 1.000000
-0.135217 0.650628 1.000000
-0.833060 -0.733658 -1.000000
-0.653223 -0.218124 1.000000
0.662759 0.606729 -1.000000
-0.879058 -0.201484 -1.000000
0.053752 -0.166401 -1.000000
0.313720 0.255947 1.000000
-0.416032 -0.136698 1.000000
-0.969026 0.968127 -1.000000
-0.665663 -0.787567 -1.000000
-0.255181 -0.603763 1.000000
-0.020625 -0.321013 1.000000
0.903261 0.840664 -1.000000
-0.894646 0.475716 -1.000000
-0.461761 -0.154329 1.000000
0.095742 0.885474 -1.000000
-0.164512 0.966105 -1.000000
-0.397090 0.402198 1.000000
0.332678 0.078253 1.000000
0.396211 0.333056 1.000000
-0.643735 -0.743971 -1.000000
0.998161 -0.657758 -1.000000
-0.934798 0.122400 -1.000000
0.763733 0.338351 -1.000000
-0.619133 -0.262167 1.000000
-0.078548 0.963276 -1.000000
-0.687190 0.711046 -1.000000
0.289529 -0.247456 1.000000
-0.618153 -0.143494 1.000000
-0.035956 -0.758777 1.000000
0.179015 -0.547625 1.000000
-0.230762 0.165973 -1.000000
-0.496388 -0.419119 1.000000
0.234182 -0.469438 1.000000
0.648753 0.965327 -1.000000
0.460498 -0.312246 1.000000
0.168139 -0.784462 -1.000000
0.812616 0.759307 -1.000000
0.635521 -0.478544 1.000000
0.188713 -0.954975 -1.000000
-0.149481 -0.374562 1.000000
-0.677031 -0.642468 -1.000000
-0.154229 -0.811541 -1.000000
0.197047 -0.058151 -1.000000
0.391899 0.399776 1.000000
0.277062 -0.932792 -1.000000
-0.862388 -0.360801 -1.000000
0.061729 0.308891 1.000000
-0.184762 0.639962 1.000000
0.436718 0.937299 -1.000000
0.062668 -0.349709 1.000000
-0.788742 0.221917 -1.000000
0.557604 -0.153094 1.000000
-0.818353 -0.467057 -1.000000
-0.692687 -0.437989 -1.000000
-0.119830 0.054285 -1.000000
-0.085151 0.750743 1.000000
0.036104 0.887245 -1.000000
0.275418 0.915388 -1.000000
-0.518586 0.352245 1.000000
-0.421871 0.343616 1.000000
0.390281 -0.864014 -1.000000
-0.490420 -0.551920 1.000000
0.335665 0.688784 1.000000
-0.311075 0.561039 1.000000
0.350664 -0.986569 -1.000000
0.204341 -0.226458 1.000000
0.831982 -0.997698 -1.000000
-0.075102 -0.151302 -1.000000
-0.078167 0.540319 1.000000
-0.355056 0.569479 1.000000
-0.057286 -0.928475 -1.000000
-0.648251 0.443516 1.000000
-0.053028 -0.694558 1.000000
-0.317751 0.214778 1.000000
-0.616509 0.476854 1.000000
-0.514301 0.834849 -1.000000
-0.461877 0.531000 1.000000
-0.622676 -0.425004 1.000000
-0.817773 0.152419 -1.000000
0.366726 0.093186 1.000000
-0.148542 0.288886 1.000000
0.295235 0.358034 1.000000
0.271573 0.890348 -1.000000
-0.582130 0.418563 1.000000
-0.527539 -0.761208 -1.000000
0.214608 -0.099725 -1.000000
-0.082549 0.323890 1.000000
0.540571 -0.299564 1.000000
0.324019 -0.167683 1.000000
0.683858 0.665834 -1.000000
-0.487118 0.226921 1.000000
0.164498 0.081479 -1.000000
0.739882 -0.470442 -1.000000
-0.363852 -0.761571 -1.000000
0.879659 0.291104 -1.000000
-0.041074 0.278634 -1.000000
0.089432 0.294623 1.000000
0.087772 0.442093 1.000000
0.044991 0.987409 -1.000000
-0.562647 -0.788403 -1.000000
-0.780605 -0.872817 -1.000000
-0.190840 -0.103254 -1.000000
-0.268368 0.527009 1.000000
0.255793 0.543961 1.000000
0.865707 0.945482 -1.000000
-0.615943 -0.722252 -1.000000
0.392533 -0.812360 -1.000000
0.050809 0.060688 -1.000000
0.722280 -0.030293 1.000000
-0.213087 0.342862 1.000000
0.482516 0.040105 1.000000
-0.304575 -0.700005 1.000000
0.172184 -0.475709 1.000000
-0.911092 0.509867 -1.000000
-0.514429 -0.115195 1.000000
0.375592 -0.281544 1.000000
0.472680 -0.210585 1.000000
0.366832 0.408095 1.000000
-0.115389 -0.960845 -1.000000
-0.338284 -0.151381 1.000000
-0.459459 -0.605892 1.000000
0.643442 -0.140157 1.000000
0.775542 -0.217634 -1.000000
0.538229 -0.206417 1.000000
0.617028 0.510154 -1.000000
-0.245209 -0.567962 1.000000
0.580814 0.898608 -1.000000
-0.344869 0.342529 1.000000
-0.122710 0.667001 1.000000
0.537709 -0.665493 -1.000000
0.723961 0.979744 -1.000000
0.028847 0.768562 1.000000
0.176052 -0.690495 1.000000
-0.600274 -0.186090 1.000000
0.497411 0.651168 -1.000000
0.579926 -0.362952 1.000000
0.068128 -0.820099 -1.000000
-0.776589 -0.727415 -1.000000
0.357305 -0.009646 1.000000
-0.620579 -0.009988 1.000000
-0.704784 -0.890052 -1.000000
0.701425 0.121119 1.000000
0.859218 0.393334 -1.000000
0.165582 0.630794 1.000000
0.758028 0.977823 -1.000000
-0.998955 0.730877 -1.000000
0.225133 0.979900 -1.000000
0.055360 -0.040953 -1.000000
0.602695 -0.544314 -1.000000
-0.003811 0.801705 -1.000000
0.149322 0.690356 1.000000
0.477281 0.171974 1.000000
-0.506531 0.332832 1.000000
-0.833034 0.251920 -1.000000
0.321889 0.459504 1.000000
0.781504 0.964606 -1.000000
0.538058 0.162893 1.000000
0.856626 0.160181 -1.000000
-0.966034 -0.758281 -1.000000
0.725421 -0.031407 1.000000
0.689711 -0.581190 -1.000000
0.104583 0.259767 -1.000000
-0.936018 0.229427 -1.000000
-0.275177 -0.900935 -1.000000
-0.020860 -0.614979 1.000000
-0.753833 -0.589012 -1.000000
-0.706970 -0.621856 -1.000000
-0.914695 0.270396 -1.000000
-0.436266 0.077193 1.000000
0.390326 -0.001768 1.000000
0.071602 -0.109634 -1.000000
-0.752135 -0.019285 1.000000
0.705996 0.747855 -1.000000
-0.459411 -0.583077 1.000000
0.129959 0.280624 1.000000
-0.165942 -0.588049 1.000000
0.895866 -0.835858 -1.000000
-0.788581 -0.715918 -1.000000
-0.667079 0.241917 1.000000
0.147420 -0.895844 -1.000000
0.862403 0.457323 -1.000000
0.475683 -0.873191 -1.000000
0.720881 0.868810 -1.000000
0.968797 0.717878 -1.000000
0.571118 0.026755 1.000000
-0.644795 -0.202821 1.000000
-0.732137 -0.938221 -1.000000
0.878283 -0.397388 -1.000000
-0.408932 -0.334127 1.000000
-0.065864 0.296397 1.000000
-0.949544 0.684413 -1.000000
0.118065 0.708200 1.000000
-0.304242 -0.107947 1.000000
-0.891521 -0.645785 -1.000000
0.325616 -0.338342 1.000000
0.796972 -0.763690 -1.000000
0.976836 0.079964 -1.000000
0.413835 0.998983 -1.000000
-0.424301 -0.170955 1.000000
-0.070320 0.527914 1.000000
0.636408 -0.799557 -1.000000
-0.643766 -0.280730 1.000000
-0.886591 0.043771 -1.000000
-0.328302 -0.648662 1.000000
-0.582107 0.810307 -1.000000
0.350782 -0.063064 1.000000
0.824265 -0.791977 -1.000000
0.491092 0.472535 1.000000
0.123723 -0.631612 1.000000
0.194423 -0.400126 1.000000
-0.731754 -0.574797 -1.000000
0.789883 -0.857094 -1.000000
-0.515027 -0.892491 -1.000000
-0.116556 -0.973434 -1.000000
0.794383 -0.606684 -1.000000
-0.813259 -0.385266 -1.000000
-0.087885 -0.796661 -1.000000
0.990779 -0.335814 -1.000000
-0.405306 -0.875910 -1.000000
-0.403512 -0.907297 -1.000000
0.010856 0.522852 1.000000
0.262140 -0.820217 -1.000000
-0.838275 0.554481 -1.000000
0.810269 0.067544 -1.000000
-0.781692 0.651618 -1.000000
-0.323805 -0.412054 1.000000
0.492627 -0.979327 -1.000000
-0.903105 0.335832 -1.000000
0.206936 0.052205 -1.000000
0.459419 0.414507 1.000000
0.562754 -0.424046 1.000000
0.385064 0.113340 1.000000
-0.206958 -0.876819 -1.000000
0.560351 -0.324832 1.000000
0.215732 0.482508 1.000000
-0.790374 -0.744223 -1.000000
0.099080 -0.029541 -1.000000
0.780951 0.597921 -1.000000
0.468682 -0.897336 -1.000000
-0.854229 -0.822945 -1.000000
0.596702 0.886016 -1.000000
